ID	City	Total trips	From Wuhan	To Wuhan	Population (million)
1	Xiaogan	8586858	4797468	3789390	4.90
2	Huanggang	7000646	4040650	2959996	6.32
3	Xianning	3553422	1930230	1623192	2.53
4	Beijing	3462967	1304857	2158110	21.73
5	Ezhou	3405697	1696089	1709608	1.07
6	Jingzhou	3110070	2039147	1070923	5.70
7	Xiangyang	2814543	1785259	1029284	5.64
8	Huangshi	2450122	1353115	1097007	2.47
9	Guangzhou	2311491	572311	1739180	14.04
10	Yichang	2001756	1283153	718603	4.13
11	Shenzhen	1580474	148098	1432376	11.91
12	Suizhou	1375475	858120	517355	2.20
13	Xiantao	1343353	781547	561806	1.15
14	Shiyan	1158422	853183	305239	3.41
15	Chongqing	1100335	683811	416524	30.48
16	Enshi	798867	573698	225169	4.56
17	Tianmen	664470	421083	243387	1.29
18	Changsha	558034	274336	283698	7.65
19	Shanghai	554911	62356	492555	24.20
20	Xinyang	506970	307841	199129	6.44
21	Qianjiang	438740	262624	176116	0.96
22	Jingmen	380719	255978	124741	2.90
23	Yueyang	315414	165844	149570	5.68
24	Zhumadian	286391	198411	87980	6.99
25	Nanchang	262811	102343	160468	5.37
26	Jiujiang	197329	90105	107224	4.85
27	Baoding	189127	117656	71471	11.63
28	Nanyang	158667	119800	38867	10.07
29	Luohe	138616	95654	42962	2.64
30	Hengyang	138080	23335	114745	7.29
31	Sanya	133300	24295	109005	0.75
32	Dazhou	115795	115795	0	5.60
33	Lijiang	103192	27307	75885	1.29
34	Qingyuan	102729	29019	73710	3.85
35	Luan	101861	45698	56163	4.77
36	Chengdu	100518	44378	56140	15.92
37	Kunming	96804	41707	55097	6.73
38	Guilin	94465	85820	8645	5.01
39	Shijiazhuang	92907	69933	22974	10.78
40	Shengzhou	91228	13617	77611	4.71
41	Shaoguan	83542	6696	76846	2.96
42	Ankang	76725	76725	0	2.66
43	Xinxiang	66531	51949	14582	5.74
44	Shennongjia	64448	35778	28670	0.08
45	Suining	61113	42169	18944	3.30
46	Shenyang	60772	32142	28630	8.29
47	Haikou	59735	28232	31503	2.24
48	Hanzhong	57472	57464	8	3.45
49	Anyang	52959	36586	16373	5.13
50	Liuzhou	52562	41023	11539	3.96
51	Handan	52175	42872	9303	9.49
52	Dongguan	50539	36992	13547	8.26
53	Fuzhou	49192	10491	38701	7.57
54	Zhuzhou	47085	20516	26569	4.02
55	NanNing	44750	32102	12648	7.06
56	Xuchang	42787	41039	1748	4.38
57	Sanming	42690	32470	10220	2.55
58	Xingtai	42429	33727	8702	7.32
59	Anqing	39770	16295	23475	4.61
60	Yongzhou	39325	39325	0	5.47
61	Xiamen	37795	13714	24081	3.92
62	Dali	36060	15546	20514	3.56
63	Nanchong	33778	33764	14	6.40
64	Qingdao	31205	18848	12357	9.20
65	Pingdingshan	30833	25945	4888	4.98
66	Tieling	30759	13512	17247	2.65
67	Putian	28571	21045	7526	2.89
68	Zhuhai	28332	19201	9131	1.68
69	Jiaozuo	26455	26445	10	3.55
70	Wenzhou	25987	13931	12056	9.18
71	Guangan	24940	24288	652	3.26
72	Nantong	22203	7468	14735	7.30
73	Langfang	21797	7246	14551	4.62
74	Suzhou	20366	0	20366	10.65
75	Huludao	19082	18033	1049	2.55
76	Zhenjiang	18411	16593	1818	3.18
77	Jincheng	18326	18318	8	2.32
78	Tianjin	17628	10285	7343	15.62
79	Xiangtan	16963	5787	11176	2.84
80	Shangluo	16731	16726	5	2.37
81	Siping	16706	3576	13130	3.20
82	Zhongshan	16234	14042	2192	3.23
83	Dalian	15296	5373	9923	6.99
84	Beihai	14777	6021	8756	1.64
85	Changzhi	14729	14729	0	3.44
86	Bazhong	14705	14705	0	3.31
87	Hebi	13131	8502	4629	1.61
88	Urumqi	10893	10058	835	3.52
89	Hong Kong	10348	4879	5469	7.45
90	Zhoukou	10213	10213	0	8.82
91	Xishuangbanna	9873	5343	4530	1.17
92	Weinan	9743	9743	0	5.37
93	Harbin	9099	5147	3952	10.98
94	Panjin	9094	8386	708	1.44
95	Changchun	8996	5770	3226	7.51
96	Ningbo	8810	4769	4041	7.88
97	Laibin	8371	7846	525	2.20
98	Yuxi	7813	5466	2347	2.38
99	City of Yantai	7605	4062	3543	7.06
100	Xiangxi	7489	2275	5214	2.64
101	Tangshan	7487	7113	374	7.84
102	Hangzhou	7112	797	6315	9.19
103	Nanping	7047	3848	3199	2.66
104	Liyang	7008	7008	0	2.33
105	Xining	6876	5247	1629	2.78
106	Zigong	6682	6658	24	2.04
107	Hezhou	6531	6531	0	0.36
108	Lingshui	6459	1749	4710	2.07
109	Fushun	6089	5425	664	2.08
110	Yinchuan	6072	2942	3130	3.06
111	Jinzhou	6006	5900	106	3.53
112	Chengde	5906	5765	141	4.49
113	Yangzhou	5840	5840	0	6.08
114	Taizhou	5691	2125	3566	2.62
115	Puer	5642	3724	1918	4.71
116	Changzhou	5327	5327	0	1.40
117	Yangquan	5299	5269	30	6.08
118	Qujing	5283	4961	322	3.61
119	Anshan	5159	3991	1168	5.84
120	Changde	5135	3950	1185	4.92
121	Jian	5118	0	5118	1.53
122	Zhangjiajie	5081	4060	1021	8.58
123	Quanzhou	4902	1658	3244	1.82
124	Wuwei	4505	4283	222	1.84
125	Liaoyang	4497	4212	285	0.53
126	Ledong	4129	2552	1577	4.70
127	Guiyang	4113	2465	1648	3.09
128	Qinhuangdao	4078	3848	230	4.54
129	Jiangmen	3965	3854	111	2.54
130	Ziyang	3939	3912	27	0.41
131	Diqing	3564	956	2608	3.75
132	Neijiang	3500	3481	19	1.24
133	Panzhihua	3481	2167	1314	0.96
134	Shengzhou	3435	1077	2358	3.71
135	LanZhou	3408	1910	1498	7.46
136	Foshan	3323	3103	220	7.27
137	Zhangjiang	3135	1311	1824	2.61
138	Baoshan	3102	1767	1335	2.41
139	Dandong	3099	2147	952	3.52
140	Deyang	3096	2940	156	4.31
141	Shengzhou	3077	2920	157	0.51
142	Qionghai	2931	1269	1662	1.65
143	Jingdezhen	2894	1326	1568	2.74
144	Chuxiong	2871	2386	485	1.29
145	Dehong	2815	1410	1405	3.09
146	Hohhot	2756	2683	73	6.23
147	Zunyi	2572	1452	1120	3.42
148	Datong	2539	1741	798	0.93
149	Fangchenggang	2420	1257	1163	2.86
150	Baotou	2209	1843	366	0.59
151	Chengmai County	2197	850	1347	1.71
152	Benxi	2125	1871	254	2.91
153	Liupanshui	2056	559	1497	2.76
154	Daqing	2043	696	1347	1.45
155	Haidong	2020	1062	958	4.24
156	Jilin	1948	552	1396	1.38
157	Huangshan	1932	928	1004	0.56
158	Wenchang	1916	983	933	4.68
159	Honghe	1893	1229	664	4.00
160	Fuzhou	1838	0	1838	4.43
161	Zhangjiakou	1836	1734	102	4.43
162	Yiyang	1820	1365	455	0.48
163	Bozhou	1812	897	915	0.52
164	Lingao County	1779	1125	654	2.13
165	Dongying	1761	1602	159	0.44
166	Dongfang	1738	886	852	7.24
167	Yancheng	1713	767	946	4.78
168	Huizhou	1705	1654	51	5.58
169	Shan Tou	1694	722	972	23.58
170	Weihai	1640	652	988	2.82
171	Jieyang	1638	872	766	6.09
172	Wanning	1590	763	827	0.57
173	Jiyuan	1552	1461	91	0.73
174	Lincang	1534	767	767	2.52
175	Tonghua	1492	742	750	2.17
176	Xinyu	1467	0	1467	1.17
177	Longyan	1436	459	977	2.63
178	Changjiang	1372	945	427	0.23
179	Baishan	1342	669	673	1.20
180	Qianxinan	1325	490	835	2.84
181	Zhoushan	1320	706	614	1.16
182	Changji	1233	687	546	1.60
183	Nyingchi	1194	204	990	0.20
184	Chongzuo	1165	769	396	2.07
185	Weifang	1139	826	313	9.36
186	Hotan	1067	605	462	2.14
187	Linfen	1038	743	295	4.46
188	Qitaihe	1028	510	518	0.87
189	Baoting	1028	377	651	0.17
190	Fuxin	1009	809	200	1.78
191	Changdu	947	229	718	0.68
192	Tunchang County	916	450	466	0.27
193	Tongren	893	893	0	3.14
194	Matsubara	886	298	588	2.78
195	Dingan County	860	483	377	0.29
196	Zhangzhou	848	293	555	5.05
197	Yulin	843	402	441	5.76
198	Qinzhou	819	463	356	3.24
199	Haibei	817	500	317	0.28
200	Shihezi	765	656	109	0.60
201	Karamay	746	392	354	0.42
202	Wuzhishan	740	381	359	0.11
203	Chaoyang	733	699	34	2.95
204	Altay	729	438	291	0.62
205	Baise	722	402	320	3.62
206	Aral	695	356	339	0.33
207	Ganzi	686	190	496	1.18
208	Wuzhong	627	379	248	1.39
209	Jixi	616	427	189	1.84
210	Shizuishan	612	449	163	0.80
211	Nujiang	601	258	343	0.54
212	Yingkou	601	310	291	2.44
213	Shuangyashan	598	177	421	1.46
214	Ordos	569	433	136	2.06
215	Ningde	564	375	189	2.89
216	Haixi	554	450	104	0.52
217	Chifeng	552	487	65	4.31
218	Tower	528	474	54	1.35
219	Chaozhou	516	219	297	2.65
220	Yanan	515	487	28	2.25
221	Baiyin	513	233	280	1.72
222	Hainan	506	253	253	0.48
223	Liaoyuan	500	346	154	1.18
224	Leshan	498	280	218	3.27
225	Ximeng	491	446	45	1.00
226	Yanbian	479	357	122	2.10
227	Wenshan	470	265	205	3.62
228	Yili	458	391	67	4.62
229	Xian	450	450	0	8.83
230	Rizhao	434	305	129	2.90
231	Guigang	431	246	185	4.33
232	Xingan League	429	91	338	1.60
233	Maoming	428	165	263	0.12
234	Baisha	413	262	151	3.00
235	Meishan	410	219	191	1.77
236	Shuozhou	408	226	182	0.34
237	Shannan	402	120	282	0.23
238	Qiongzhong	401	276	125	4.81
239	Mianyang	398	288	110	2.11
240	Wulanchabu	384	308	76	0.25
241	Alxa League	369	283	86	1.68
242	Bayannaoer	369	257	112	1.28
243	Bazhou	357	216	141	0.56
244	Wuhai	351	225	126	3.26
245	Qiannan	348	299	49	0.09
246	Wujiaqu	343	91	252	0.72
247	Shigatse	333	232	101	1.10
248	Yichun	328	29	299	4.61
249	Jiaxing	321	45	276	9.72
250	Zhengzhou	319	83	236	2.46
251	Aksu	318	168	150	3.12
252	Tongliao	313	184	129	4.21
253	Kashgar	297	177	120	2.24
254	Qingyang	287	249	38	1.15
255	Zhongwei	282	198	84	6.64
256	Bijie	265	227	38	7.51
257	Cangzhou	262	176	86	4.69
258	Zibo	241	134	107	0.48
259	Nagqu	229	228	1	0.27
260	Huangnan	219	108	111	1.44
261	Chizhou	214	191	23	0.17
262	Tumshuk	210	32	178	2.33
263	Anshun	205	164	41	1.12
264	Jiuquan	204	137	67	0.10
265	Ali	204	60	144	0.47
266	Jinchang	198	142	56	0.63
267	Turpan	197	157	40	2.79
268	Dingxi	195	109	86	3.50
269	Hechi	189	97	92	2.53
270	Yangjiang	188	96	92	2.53
271	Hulunbeir	180	135	45	1.54
272	Yaan	162	112	50	2.10
273	Pingliang	157	118	39	3.35
274	Jinzhong	152	0	152	3.38
275	Yulin	147	64	83	5.05
276	Qiqihar	143	85	58	2.03
277	Linxia	142	58	84	3.89
278	Binzhou	137	69	68	0.20
279	Golow	134	129	5	4.08
280	Zhaoqing	128	97	31	4.82
281	Liangshan	128	84	44	2.17
282	Lishui	127	41	86	0.44
283	Daxinganling	125	12	113	0.25
284	Jiayuguan	114	45	69	1.22
285	Zhangye	112	30	82	5.21
286	Suihua	109	81	28	4.34
287	Taiyuan	103	0	103	1.22
288	Guyuan	102	85	17	3.08
289	Heyuan	99	37	62	3.85
290	Luliang	99	11	88	3.02
291	Wuzhou	97	50	47	1.91
292	White	94	49	45	1.16
293	Yingtan	88	9	79	3.32
294	Tianshui	87	68	19	2.48
295	Yunfu	84	44	40	1.64
296	Heihe	83	34	49	1.38
297	Laiwu	78	55	23	1.91
298	Pingxiang	76	0	76	2.36
299	Jiamusi	76	38	38	4.99
300	Shaoxing	76	44	32	0.85
301	Tongchuan	73	56	17	0.62
302	Kezhou	72	8	64	3.16
303	Xinzhou	72	19	53	5.79
304	Dezhou	68	24	44	3.04
305	Shanwei	64	40	24	5.52
306	Jinhua	63	0	63	0.41
307	Yushu	63	58	5	3.78
308	Baoji	62	62	0	0.60
309	Lhasa	60	60	0	5.31
310	Yuncheng	59	42	17	2.63
311	Mudanjiang	58	23	35	4.36
312	Meizhou	54	41	13	0.61
313	Hami	51	31	20	0.71
314	Gannan	42	19	23	6.04
315	Liaocheng	36	0	36	5.48
316	Zhaotong	35	35	0	7.23
317	Jinan	30	30	0	1.04
318	Hegang	23	16	7	2.64
319	Guangyuan	21	12	9	6.80
320	Luoyang	21	0	21	1.60
321	Tongling	18	0	18	4.04
322	Shengzhou	17	0	17	2.98
323	Huzhou	16	0	16	5.10
324	Shengzhou	13	7	6	5.64
325	Taian	11	0	11	2.16
326	Shengzhou	10	0	10	2.21
327	Huaibei	10	0	10	3.92
328	Zaozhuang	9	0	9	3.46
329	Huainan	7	0	7	2.60
330	Xuancheng	6	0	6	4.45
331	Hengshui	6	0	6	2.60
332	Longnan	6	0	6	7.87
333	Hefei	0	0	0	4.92
334	Huaihua	0	0	0	8.59
335	Ganzhou	0	0	0	0.05
336	Shuanghe	0	0	0	2.78
337	Maanshan	0	0	0	3.33
338	Bengbu	0	0	0	0.94
339	Bazhou	0	0	0	10.44
340	Linyi	0	0	0	0.08
341	Beitun	0	0	0	4.51
342	Yibin	0	0	0	7.28
343	Shangqiu	0	0	0	4.65
344	Taizhou	0	0	0	7.32
345	Shaoyang	0	0	0	8.62
346	Heze	0	0	0	5.53
347	Yichun	0	0	0	6.53
348	Wuxi	0	0	0	7.99
349	Fuyang	0	0	0	0.22
350	Yutian County, Xinjiang	0	0	0	8.71
351	Xuzhou	0	0	0	4.88
352	Suqian	0	0	0	0.28
353	Hetian County, Xinjiang	0	0	0	4.89
354	Huaian	0	0	0	4.55
355	Kaifeng	0	0	0	8.27
356	Nanjing	0	0	0	3.89
357	Loudi	0	0	0	5.60
358	Suzhou	0	0	0	11.08
359	Macau	0	0	0	0.63
360	Jining	0	0	0	8.35
361	Qiandongnan	0	0	0	3.51
362	Kokodala	0	0	0	0.08
363	Xianyang	0	0	0	4.99
364	Lianyungang	0	0	0	4.50
365	Gejiu, Yunnan	0	0	0	0.47
366	Shangrao	0	0	0	6.75
367	Moyu County, Xinjiang	0	0	0	0.53
368	Wuhu	0	0	0	3.67
369	Sanmenxia	0	0	0	2.26
